 -8.5479265e-001 -4.3367927e-002 -3.0798794e-001  4.1544215e-001  8.0652530e-001  3.3004351e-001  4.9049792e-001 -1.8176117e-001 -6.5105409e-001  7.3694738e-001  5.6256538e-001 -6.8352019e-001 -4.6510250e-001
  2.1531614e-001 -6.1154189e-001  2.3380340e-001  7.2456294e-001  1.4270499e-001 -6.0216024e-001 -7.8551788e-001  7.5460870e-002  7.9794986e-001 -5.9798134e-001  9.8688446e-001  2.6059056e-002  1.5931096e-001
 -7.1178175e-001 -3.5777159e-001  1.0237214e-001  5.9572324e-001  7.2303887e-001  3.8733965e-001 -5.7199895e-001  6.3128151e-001 -3.4226632e-002  7.7479817e-001  2.8053245e-001 -9.2130154e-001 -2.6926754e-001
 -8.6061661e-001  6.7690136e-002 -3.9363266e-001  3.1592789e-001  6.8094275e-001  1.3220856e-001  7.2030401e-001 -3.6522958e-001 -7.9121523e-001  4.9049548e-001  6.3476321e-001 -5.9707567e-001 -4.9048579e-001
 -7.1471705e-001 -3.5445718e-001  9.6034560e-002  5.9524534e-001  7.3027494e-001  3.9234493e-001 -5.5925305e-001  6.2100143e-001 -4.0086183e-002  7.8278370e-001  2.8470290e-001 -9.1894426e-001 -2.7292070e-001
  9.4180296e-002 -6.7619176e-001  9.7446711e-002  7.2415393e-001  6.6537689e-002 -2.6850072e-001 -9.6097872e-001  1.3764957e-002  9.6326842e-001 -2.6818739e-001  9.9768896e-001  4.6167381e-003  6.7789555e-002
  1.8859914e-001  4.6889470e-001 -6.5061249e-001  5.6680818e-001 -2.8631769e-001  9.1441124e-001  2.8613678e-001 -5.6067869e-001  8.2267503e-002 -8.2393657e-001 -7.7695662e-001 -3.9633841e-001  4.8913625e-001
  3.6615015e-001  7.3741593e-001 -1.6837778e-001  5.4203389e-001 -1.4426666e-001  7.2254284e-001  6.7610575e-001  3.5747698e-001  6.7516598e-001 -6.4526050e-001 -9.2271195e-001  1.4860266e-001 -3.5569637e-001
  1.7411056e-001  5.2834254e-001 -4.0581618e-001  7.2515715e-001  1.1233477e-001  7.7254104e-001  6.2494899e-001 -4.0458098e-001  6.0999748e-001 -6.8133494e-001 -9.0757652e-001 -1.7630487e-001  3.8107934e-001
  1.8685763e-001  4.8061567e-001 -5.8203343e-001  6.2875265e-001 -1.3950868e-001  9.1152352e-001  3.8686198e-001 -5.5229671e-001  2.5264263e-001 -7.9444323e-001 -8.2189152e-001 -3.2449432e-001  4.6818560e-001
 -2.8290344e-001 -5.0859651e-001  8.0566343e-001  1.1046117e-001 -8.1552795e-001  1.0977836e-001 -5.6821024e-001  4.6575645e-001 -4.5825585e-001 -7.5701553e-001 -3.4348959e-001 -8.8201490e-001  3.2259047e-001
 -2.9853008e-001 -4.2425455e-001 -8.5321460e-001  5.3969638e-002 -8.1593414e-001  3.4540085e-001  4.6362671e-001  1.6121012e-001 -6.3419071e-001  7.5618347e-001  5.5521417e-001  6.9173723e-001  4.6177574e-001
  4.1066549e-001 -5.4510188e-001 -5.5215331e-001  4.7889928e-001 -2.0401866e-001  8.1142581e-002 -9.7559842e-001 -9.7656071e-001  5.2961159e-002  2.0862479e-001  6.8597177e-002  9.9529443e-001  6.8435592e-002
  4.9312213e-001  9.5936574e-002  8.1874545e-001  2.7799753e-001 -3.5909589e-001 -3.6060153e-001  8.6082326e-001  5.4983532e-001 -8.2702710e-001 -1.1707820e-001  7.5414274e-001  4.3126873e-001  4.9525348e-001
  3.4261777e-001  7.4326106e-001 -1.6430035e-001  5.5061915e-001 -1.5886323e-001  6.9024274e-001  7.0592311e-001  3.2837506e-001  7.1123691e-001 -6.2153992e-001 -9.3109199e-001  1.3306771e-001 -3.3964789e-001
 -7.9534760e-001 -2.3465777e-001 -9.6480902e-002  5.5049919e-001  8.7125434e-001  4.7949430e-001 -1.0488611e-001  2.6704366e-001 -2.8377275e-001  9.2095641e-001  4.1182953e-001 -8.3039644e-001 -3.7528415e-001
  2.0238398e-001  4.6801575e-001 -8.0953771e-001  2.9094789e-001 -7.4878010e-001  6.6050435e-001 -5.5338543e-002 -2.8162879e-001 -3.9262117e-001 -8.7551918e-001 -6.0001132e-001 -6.3998642e-001  4.8000396e-001
  7.6792676e-001 -3.8474882e-001  5.1115678e-001  3.1234403e-002  1.8137419e-001 -6.2284917e-001  7.6102714e-001 -5.5898647e-001 -7.0198552e-001 -4.4130540e-001  8.0909674e-001 -3.4536246e-001 -4.7548631e-001
  2.1878804e-001  4.7960305e-001 -8.3425450e-001  1.6165440e-001 -8.5199929e-001  4.7958464e-001 -2.0998993e-001 -5.9858996e-002 -4.8769754e-001 -8.7095810e-001 -5.2010970e-001 -7.2948590e-001  4.4422542e-001
  7.3454890e-001  4.5873050e-001 -1.9145883e-001  4.6189583e-001  5.0581969e-001  8.5078804e-001  1.4249966e-001  4.9705189e-001 -1.5243714e-001 -8.5422616e-001 -7.0504316e-001  5.0291414e-001 -4.9999151e-001
  2.2966416e-001  4.8621012e-001 -8.3726994e-001  9.9162166e-002 -8.7484247e-001  3.8938108e-001 -2.8815451e-001  5.7279080e-002 -5.0753317e-001 -8.5972623e-001 -4.8100910e-001 -7.6863025e-001  4.2170818e-001
  3.4018654e-001 -7.0597871e-001  3.0091669e-001  5.4343014e-001 -1.7791360e-001 -8.0738331e-001 -5.6256461e-001 -1.5327451e-001  5.8744453e-001 -7.9461680e-001  9.7203584e-001 -5.5146326e-002 -2.2826565e-001
  6.5801267e-001 -5.2605679e-001  4.9179393e-001  2.2005071e-001 -3.7194026e-002 -9.0874327e-001  4.1569493e-001 -4.7586486e-001 -3.4968388e-001 -8.0701538e-001  8.7873161e-001 -2.2783076e-001 -4.1943284e-001
  3.0218451e-001 -7.1457854e-001  2.7128801e-001  5.6961816e-001 -1.6843935e-001 -7.4093029e-001 -6.5011575e-001 -1.2280798e-001  6.7017467e-001 -7.3197275e-001  9.7803189e-001 -4.3453615e-002 -2.0387594e-001
  2.4250756e-001 -5.9098679e-001 -6.4314004e-001  4.2225061e-001 -5.2578901e-001  2.5649502e-001 -8.1102172e-001 -8.2977009e-001  5.5121933e-002  5.5537661e-001  1.8715642e-001  9.6497248e-001  1.8384939e-001
 -3.2426451e-001 -3.9942664e-001 -8.5715323e-001  2.4479067e-002 -7.8850660e-001  3.0100439e-001  5.3633357e-001  2.1707515e-001 -6.7971828e-001  7.0061505e-001  5.7544393e-001  6.6886428e-001  4.7062178e-001
 -8.5580776e-001  1.2783120e-001 -4.3032481e-001  2.5704633e-001  5.9695949e-001  2.4289568e-003  8.0226770e-001 -4.4002469e-001 -8.3517274e-001  3.2994662e-001  6.7083354e-001 -5.4998236e-001 -4.9749549e-001
  7.7926442e-001 -1.8138417e-001 -3.0794627e-001  5.1479690e-001  7.4453775e-001  3.4367103e-002 -6.6669516e-001 -5.9975203e-001 -4.0416787e-001 -6.9061265e-001 -2.9319112e-001  9.1403897e-001 -2.8030650e-001
 -7.0552022e-001 -3.6466552e-001  1.1578111e-001  5.9653584e-001  7.0722758e-001  3.7642264e-001 -5.9844394e-001  6.5269296e-001 -2.2328085e-002  7.5729344e-001  2.7170029e-001 -9.2617895e-001 -2.6147944e-001
  2.5644156e-001 -5.8890653e-001 -6.3594743e-001  4.2778229e-001 -5.0248007e-001  2.4205388e-001 -8.3001428e-001 -8.4613432e-001  5.9617191e-002  5.2962487e-001  1.7768087e-001  9.6842951e-001  1.7485364e-001
  1.7383007e-001  5.2906869e-001 -4.0363719e-001  7.2591077e-001  1.1432669e-001  7.6994526e-001  6.2778475e-001 -4.0207307e-001  6.1372025e-001 -6.7947384e-001 -9.0844188e-001 -1.7473335e-001  3.7973886e-001
  4.2097384e-001  7.1965036e-001 -1.7595838e-001  5.2337657e-001 -9.7715977e-002  7.9009294e-001  6.0514852e-001  4.2172296e-001  5.8363935e-001 -6.9391272e-001 -9.0144403e-001  1.8739867e-001 -3.9023122e-001
  1.7263760e-001  5.3208299e-001 -3.9468792e-001  7.2890699e-001  1.2221827e-001  7.5909662e-001  6.3940208e-001 -3.9166650e-001  6.2883542e-001 -6.7168696e-001 -9.1195397e-001 -1.6833995e-001  3.7416789e-001
  4.9639716e-001  8.1824761e-002  8.1400940e-001  2.9031580e-001 -3.3861320e-001 -3.9140443e-001  8.5565395e-001  5.5387474e-001 -8.1804289e-001 -1.5501163e-001  7.6063386e-001  4.2143613e-001  4.9378914e-001
  2.0560750e-001  4.7042296e-001 -8.1780926e-001  2.6003040e-001 -7.8021950e-001  6.1875551e-001 -9.1646896e-002 -2.3186556e-001 -4.2217287e-001 -8.7636090e-001 -5.8094397e-001 -6.6250410e-001  4.7285560e-001
  6.0939150e-001  6.0615924e-001 -1.8763587e-001  4.7540062e-001  1.9472750e-001  9.1718100e-001  3.4764955e-001  5.6037216e-001  1.8686956e-001 -8.0688463e-001 -8.0502437e-001  3.5193576e-001 -4.7757406e-001
 -6.6998252e-001 -3.9972199e-001  1.8935866e-001  5.9622902e-001  6.0873125e-001  3.0981124e-001 -7.3038569e-001  7.6141576e-001  3.0533438e-002  6.4754440e-001  2.2291772e-001 -9.5030769e-001 -2.1730850e-001
  1.8496035e-001  4.9125856e-001 -5.3426182e-001  6.6258509e-001 -5.3541330e-002  8.8971454e-001  4.5336670e-001 -5.2626113e-001  3.6070796e-001 -7.7002532e-001 -8.4863570e-001 -2.7981745e-001  4.4890939e-001
  1.1406121e-001 -6.6766154e-001  1.1890377e-001  7.2600276e-001  8.0179924e-002 -3.2495750e-001 -9.4232362e-001  2.0340371e-002  9.4570387e-001 -3.2439246e-001  9.9657285e-001  6.8425508e-003  8.2436220e-002
  1.9468980e-001 -7.2719293e-001  1.8183952e-001  6.3263000e-001 -1.2375034e-001 -5.1322836e-001 -8.4928353e-001 -5.3079820e-002  8.5806054e-001 -5.1079804e-001  9.9089272e-001 -1.8131614e-002 -1.3342735e-001
 -3.5075584e-001 -5.2044722e-001  7.2621526e-001  2.8056450e-001 -5.9650780e-001 -4.2400629e-002 -8.0148651e-001  7.7260024e-001 -3.0083652e-001 -5.5909414e-001 -2.1741047e-001 -9.5273269e-001  2.1221007e-001
  6.3945753e-002  7.3316929e-001 -5.4100863e-002  6.7486801e-001 -8.0928231e-002  1.6678801e-001  9.8266596e-001  2.0744241e-002  9.8596807e-001 -1.6564007e-001 -9.9650404e-001  6.9797021e-003 -8.3252543e-002
 -4.3456973e-001 -5.1619504e-001  6.0512669e-001  4.2250860e-001 -2.6527126e-001 -6.2696976e-002 -9.6213317e-001  9.5998794e-001 -1.1005833e-001 -2.5750790e-001 -8.9745804e-002 -9.9194569e-001  8.9383653e-002
 -8.5841793e-001  1.0356730e-001 -4.1631606e-001  2.8119996e-001  6.3190951e-001  5.6328065e-002  7.7299257e-001 -4.1194416e-001 -8.2040080e-001  3.9654071e-001  6.5650009e-001 -5.6900763e-001 -4.9521505e-001
  4.9139292e-001 -6.4789723e-001  4.0673688e-001  4.1632595e-001 -1.7041141e-001 -9.7541445e-001 -1.3973761e-001 -2.9807398e-001  1.8619622e-001 -9.3620664e-001  9.3920810e-001 -1.1788815e-001 -3.2247563e-001
  3.7920622e-002 -6.9646438e-001  3.8436479e-002  7.1555714e-001  2.6919996e-002 -1.0782772e-001 -9.9380506e-001  2.1862693e-003  9.9416933e-001 -1.0780802e-001  9.9963520e-001  7.2946594e-004  2.6998774e-002
  5.3562244e-001 -4.7710894e-001 -4.7837552e-001  5.0658912e-001  8.7047853e-002 -2.6420838e-002 -9.9585371e-001 -9.9578016e-001 -3.1469064e-002 -8.6206524e-002 -2.9060935e-002  9.9915546e-001 -2.9048661e-002
  1.5705219e-002  7.1457710e-001 -1.5036983e-002  6.9921871e-001 -2.1693080e-002  4.3473459e-002  9.9881904e-001  1.4168986e-003  9.9905447e-001 -4.3452933e-002 -9.9976367e-001  4.7259733e-004 -2.1734166e-002
  8.2517440e-001  2.2593151e-001 -2.0965827e-001  4.7337677e-001  8.0999672e-001  5.7136051e-001 -1.3210783e-001  1.7437108e-001 -4.4973877e-001 -8.7597361e-001 -5.5991074e-001  6.8649997e-001 -4.6391568e-001
  6.3429546e-001  5.8322229e-001 -1.8823150e-001  4.7126418e-001  2.4884133e-001  9.1728403e-001  3.1091477e-001  5.6245697e-001  1.2447633e-001 -8.1740308e-001 -7.8849233e-001  3.7827985e-001 -4.8495794e-001
  1.9158300e-001 -7.2730699e-001  1.7913614e-001  6.3421664e-001 -1.2213042e-001 -5.0590155e-001 -8.5390151e-001 -5.1457078e-002  8.6241239e-001 -5.0358419e-001  9.9117926e-001 -1.7563669e-002 -1.3135900e-001
  3.6163722e-001 -4.7845125e-001  4.2324654e-001  6.7909152e-001  1.8389353e-001 -9.2089783e-001 -3.4370097e-001  2.2879472e-001  3.8016177e-001 -8.9617521e-001  9.5594777e-001  8.6163852e-002  2.8060585e-001
  1.7958526e-001  5.1247417e-001 -4.5603155e-001  7.0509190e-001  5.8810901e-002  8.2715392e-001  5.5888968e-001 -4.5902270e-001  5.1956871e-001 -7.2065700e-001 -8.8647585e-001 -2.1416056e-001  4.1023873e-001
  2.9081226e-001 -5.5271152e-001  3.2706732e-001  7.0920037e-001  1.7507388e-001 -7.8538310e-001 -5.9373607e-001  1.4244196e-001  6.1691040e-001 -7.7403608e-001  9.7419681e-001  5.0940575e-002  2.1987640e-001
  8.9471622e-002  6.4680136e-001 -1.2058321e-001  7.4773158e-001  1.3421539e-001  2.9606848e-001  9.4569006e-001 -6.4587017e-002  9.5490904e-001 -2.8978829e-001 -9.8884516e-001 -2.2185253e-002  1.4728567e-001
  5.0923547e-001 -1.1673672e-001  7.2344481e-001  4.5130851e-001 -7.3999721e-002 -7.7188656e-001  6.3143897e-001  5.3410064e-001 -5.6538633e-001 -6.2854976e-001  8.4217608e-001  2.9073945e-001  4.5410354e-001
  8.3291967e-001  1.7459788e-001 -2.1678700e-001  4.7829260e-001  8.4503795e-001  4.9822725e-001 -1.9411456e-001  8.3476783e-002 -4.8150355e-001 -8.7245972e-001 -5.2815006e-001  7.2105752e-001 -4.4847918e-001
  4.4798803e-001  2.2267413e-001  8.5067363e-001  1.6148477e-001 -5.4645879e-001 -7.5230984e-002  8.3410017e-001  4.7425237e-001 -8.4867780e-001  2.3415954e-001  6.9026624e-001  5.2353252e-001  4.9944591e-001
  2.0839338e-001  4.7246557e-001 -8.2316497e-001  2.3610995e-001 -8.0164858e-001  5.8563228e-001 -1.1997661e-001 -1.9179749e-001 -4.4205674e-001 -8.7624172e-001 -5.6619191e-001 -6.7942672e-001  4.6669696e-001
  2.8959484e-001 -5.8275528e-001 -6.1858011e-001  4.4032915e-001 -4.4449013e-001  2.0723187e-001 -8.7148349e-001 -8.8228355e-001  6.6986948e-002  4.6592755e-001  1.5493306e-001  9.7599575e-001  1.5306224e-001
 -8.6065879e-001  6.6401887e-002 -3.9277409e-001  3.1715257e-001  6.8263860e-001  1.3483989e-001  7.1820801e-001 -3.6343736e-001 -7.9001007e-001  4.9375842e-001  6.3396989e-001 -5.9808218e-001 -4.9028551e-001
  2.8629024e-001  7.5306873e-001 -1.5217091e-001  5.7251148e-001 -1.8053700e-001  6.0543164e-001  7.7515090e-001  2.5695327e-001  7.8976382e-001 -5.5699921e-001 -9.4941108e-001  9.8618594e-002 -2.9814924e-001
  1.8227661e-001 -6.3237189e-001  1.9519281e-001  7.2717316e-001  1.2401112e-001 -5.1441116e-001 -8.4852955e-001  5.3344740e-002  8.5735000e-001 -5.1196221e-001  9.9084589e-001  1.8224419e-002  1.3376206e-001
  1.8718587e-001 -5.9635338e-001 -6.7105950e-001  3.9875210e-001 -6.1191643e-001  3.1191491e-001 -7.2682004e-001 -7.5843063e-001  2.9281184e-002  6.5109569e-001  2.2436860e-001  9.4965873e-001  2.1864818e-001
  4.1639086e-001  7.2136443e-001 -1.7541843e-001  5.2486225e-001 -1.0227654e-001  7.8488014e-001  6.1114866e-001  4.1659808e-001  5.9169405e-001 -6.9017692e-001 -9.0331918e-001  1.8401445e-001 -3.8749598e-001
  6.1334891e-001 -5.6657159e-001  4.7351252e-001  2.8033130e-001 -9.0434951e-002 -9.6049290e-001  2.6320127e-001 -4.2953138e-001 -2.0082198e-001 -8.8043928e-001  8.9851228e-001 -1.9267569e-001 -3.9440052e-001
  4.1320666e-001 -4.0603794e-001  5.0181852e-001  6.4231738e-001  1.6662272e-001 -9.8020868e-001 -1.0690094e-001  3.0909835e-001  1.5487685e-001 -9.3833436e-001  9.3631997e-001  1.2330492e-001  3.2878689e-001
 -4.9067001e-001 -5.0299431e-001  5.1547242e-001  4.9043638e-001 -3.7430197e-002 -1.2004409e-002 -9.9922714e-001  9.9922131e-001 -1.2937754e-002 -3.7274549e-002 -1.2480296e-002 -9.9984424e-001  1.2479324e-002
 -8.5733886e-001  1.1464671e-001 -4.2284544e-001  2.7023682e-001  6.1611572e-001  3.1954650e-002  7.8700719e-001 -4.2511898e-001 -8.2765639e-001  3.6641337e-001  6.6308014e-001 -5.6032473e-001 -4.9634759e-001
  4.3143073e-001  2.5503381e-001  8.5555225e-001  1.2982920e-001 -5.9402380e-001 -2.0924819e-003  8.0444474e-001  4.4221018e-001 -8.3620427e-001  3.2436489e-001  6.7200140e-001  5.4841412e-001  4.9765055e-001
  6.7494216e-001 -5.0871112e-001  4.9753305e-001  1.9526119e-001 -1.2652280e-002 -8.8099897e-001  4.7294898e-001 -4.9240337e-001 -4.0617212e-001 -7.6978122e-001  8.7027515e-001 -2.4262116e-001 -4.2866786e-001
 -1.3595790e-001 -5.3335243e-001 -8.0939608e-001  2.0476479e-001 -8.7917366e-001  4.7649858e-001  1.6639835e-003 -1.8644469e-001 -3.4721314e-001  9.1906551e-001  4.3851117e-001  8.0770795e-001  3.9410128e-001
  2.5916077e-002  7.1904037e-001 -2.4144315e-002  6.9406509e-001 -3.5204006e-002  7.0784863e-002  9.9687019e-001  3.7539586e-003  9.9749082e-001 -7.0696362e-002 -9.9937310e-001  1.2534143e-003 -3.5381397e-002
 -3.7500391e-001 -5.2119259e-001  6.9310237e-001  3.2762701e-001 -5.0406522e-001 -6.3259595e-002 -8.6134573e-001  8.4505663e-001 -2.4203764e-001 -4.7675682e-001 -1.7831865e-001 -9.6820246e-001  1.7546070e-001
 -2.9284419e-001 -5.1133907e-001  7.9571722e-001  1.4003122e-001 -7.8926708e-001  7.6634848e-002 -6.0924919e-001  5.2233585e-001 -4.3784722e-001 -7.3174796e-001 -3.2283546e-001 -8.9577727e-001  3.0554927e-001
  5.1662458e-001 -6.3399584e-001  4.2217934e-001  3.9104082e-001 -1.6037224e-001 -9.8525438e-001 -5.9620068e-002 -3.2489696e-001  1.0972730e-001 -9.3936249e-001  9.3205296e-001 -1.3127729e-001 -3.3770336e-001
  4.7654710e-001 -5.1345223e-001 -5.1396793e-001  4.9508244e-001 -5.5592469e-002  1.9544649e-002 -9.9826223e-001 -9.9828135e-001  1.7479641e-002  5.5935762e-002  1.8542510e-002  9.9965618e-001  1.8539322e-002
  3.5479651e-001  3.6609816e-001  8.6018048e-001  1.3457762e-002 -7.4787666e-001  2.3662849e-001  6.2023178e-001  2.8293291e-001 -7.3158205e-001  6.2027145e-001  6.0052434e-001  6.3937052e-001  4.8018315e-001
 -7.8960752e-001 -2.4574519e-001 -8.1103787e-002  5.5637348e-001  8.6606296e-001  4.7833248e-001 -1.4537189e-001  2.9783650e-001 -2.6011572e-001  9.1849509e-001  4.0153253e-001 -8.3877163e-001 -3.6774146e-001
  1.8711676e-002 -7.0214822e-001  1.8836321e-002  7.1153563e-001  1.3266154e-002 -5.3082167e-002 -9.9850202e-001  5.2868675e-004  9.9859013e-001 -5.3079826e-002  9.9991186e-001  1.7627035e-004  1.3275514e-002
  1.3615773e-001 -7.2700323e-001  1.2982676e-001  6.6035777e-001 -9.0777379e-002 -3.6943844e-001 -9.2481063e-001 -2.6510007e-002  9.2921217e-001 -3.6859458e-001  9.9551830e-001 -8.9433130e-003 -9.4145261e-002
  2.1132354e-001  4.7455917e-001 -8.2748406e-001  2.1308704e-001 -8.1987255e-001  5.5322331e-001 -1.4748891e-001 -1.5208120e-001 -4.5877501e-001 -8.7544092e-001 -5.5197855e-001 -6.9531968e-001  4.6027190e-001
  7.6091351e-001  4.1237991e-001 -1.9348449e-001  4.6207921e-001  5.8501313e-001  8.0638121e-001  8.6654437e-002  4.4876055e-001 -2.3285123e-001 -8.6278286e-001 -6.7555429e-001  5.4362640e-001 -4.9809310e-001
 -3.7149461e-001 -5.2118800e-001  6.9800586e-001  3.2115828e-001 -5.1769823e-001 -6.1103660e-002 -8.5337851e-001  8.3557779e-001 -2.5044086e-001 -4.8896742e-001 -1.8384315e-001 -9.6620170e-001  1.8070965e-001
  2.3228928e-001  4.8768126e-001 -8.3718083e-001  8.5655943e-002 -8.7740950e-001  3.6998529e-001 -3.0539067e-001  8.3147236e-002 -5.0966010e-001 -8.5634872e-001 -4.7248187e-001 -7.7676089e-001  4.1641735e-001
  7.1597749e-001 -4.6100817e-001  5.0797143e-001  1.2966391e-001  5.8872979e-002 -7.9187407e-001  6.0783997e-001 -5.2841183e-001 -5.4131747e-001 -6.5403084e-001  8.4694446e-001 -2.8268509e-001 -4.5030460e-001
  1.4761253e-001 -6.5152143e-001  1.5588673e-001  7.2761919e-001  1.0243830e-001 -4.1919781e-001 -9.0209733e-001  3.4506896e-002  9.0781973e-001 -4.1793852e-001  9.9414067e-001  1.1684330e-002  1.0746072e-001
 -6.9440561e-001 -3.7634221e-001  1.3923365e-001  5.9731180e-001  6.7796106e-001  3.5633648e-001 -6.4295654e-001  6.8900009e-001 -3.1703184e-003  7.2475432e-001  2.5621803e-001 -9.3435232e-001 -2.4766522e-001
 -2.8223615e-001 -4.3865247e-001 -8.5017295e-001  7.1642988e-002 -8.3042007e-001  3.6942503e-001  4.1704634e-001  1.2578931e-001 -6.0490258e-001  7.8630141e-001  5.4275183e-001  7.0542045e-001  4.5585353e-001
  4.6828980e-001  1.7542471e-001  8.4107081e-001  2.0622982e-001 -4.7634786e-001 -1.8260856e-001  8.6008536e-001  5.1120696e-001 -8.5339087e-001  1.0193856e-001  7.1537414e-001  4.8823984e-001  4.9986168e-001
  5.1302200e-001  6.7559858e-001 -1.8382017e-001  4.9657339e-001  1.9553420e-002  8.7575428e-001  4.8236098e-001  5.1063346e-001  4.0603714e-001 -7.5788344e-001 -8.5957614e-001  2.6112887e-001 -4.3925002e-001
 -3.3143320e-001 -5.1861537e-001  7.5114938e-001  2.3867289e-001 -6.6637457e-001 -1.4785277e-002 -7.4547054e-001  7.0233069e-001 -3.4814671e-001 -6.2090698e-001 -2.5035283e-001 -9.3732346e-001  2.4238026e-001
  4.6692300e-001  1.7895499e-001  8.4188597e-001  2.0294343e-001 -4.8159374e-001 -1.7459405e-001  8.5882733e-001  5.0882687e-001 -8.5357814e-001  1.1180148e-001  7.1355637e-001  4.9083731e-001  4.9991604e-001
  7.7490685e-001  3.8369418e-001 -1.9508624e-001  4.6286014e-001  6.2944027e-001  7.7524978e-001  5.2846151e-002  4.1405920e-001 -2.7707854e-001 -8.6705390e-001 -6.5754081e-001  5.6764008e-001 -4.9540369e-001
  4.1190292e-001  2.8834451e-001  8.5902417e-001  9.6285513e-002 -6.4213017e-001  7.2116727e-002  7.6319593e-001  4.0296306e-001 -8.1517309e-001  4.1606924e-001  6.5214233e-001  5.7471038e-001  4.9438685e-001
  1.5475454e-001  7.5316813e-001 -1.0665032e-001  6.3040821e-001 -1.5727305e-001  3.6757884e-001  9.1659750e-001  9.8645907e-002  9.2935348e-001 -3.5576830e-001 -9.8261598e-001  3.4465827e-002 -1.8242240e-001
  4.0075306e-002 -6.9578863e-001  4.0651970e-002  7.1597456e-001  2.8451208e-002 -1.1397944e-001 -9.9307563e-001  2.4436684e-003  9.9348277e-001 -1.1395616e-001  9.9959220e-001  8.1544272e-004  2.8544313e-002
  6.3071384e-001  5.8667229e-001 -1.8814971e-001  4.7182132e-001  2.4083063e-001  9.1759075e-001  3.1627174e-001  5.6249858e-001  1.3359947e-001 -8.1593292e-001 -7.9094624e-001  3.7440404e-001 -4.8396865e-001
  2.5168291e-001 -5.8965029e-001 -6.3841095e-001  4.2591044e-001 -5.1051202e-001  2.4700198e-001 -8.2363068e-001 -8.4062158e-001  5.8174338e-002  5.3848965e-001  1.8092218e-001  9.6726717e-001  1.7793649e-001
  4.8268034e-001  1.3379456e-001  8.3031277e-001  2.4433462e-001 -4.1464056e-001 -2.7658830e-001  8.6693259e-001  5.3490833e-001 -8.4479921e-001 -1.3688371e-002  7.3617002e-001  4.5805371e-001  4.9823740e-001
  3.6099206e-001 -7.0031150e-001  3.1666454e-001  5.2817809e-001 -1.8142527e-001 -8.4012434e-001 -5.1115161e-001 -1.7110324e-001  5.3881660e-001 -8.2486384e-001  9.6840516e-001 -6.2191449e-002 -2.4150295e-001
 -7.6282070e-001 -2.9109993e-001 -1.3558199e-002  5.7721884e-001  8.3015401e-001  4.5976620e-001 -3.1537178e-001  4.2846201e-001 -1.6415848e-001  8.8852254e-001  3.5674168e-001 -8.7273537e-001 -3.3326917e-001
  1.1616297e-003  7.0768545e-001 -1.1578255e-003  7.0652573e-001 -1.6400832e-003  3.2802039e-003  9.9999328e-001  8.0697852e-006  9.9999462e-001 -3.2801951e-003 -9.9999866e-001  2.6899380e-006 -1.6401009e-003
  4.9557011e-001  8.5525484e-002  8.1527347e-001  2.8709724e-001 -3.4397088e-001 -3.8335778e-001  8.5715859e-001  5.5289328e-001 -8.2052113e-001 -1.4510031e-001  7.5894207e-001  4.2400694e-001  4.9419131e-001
 -2.7424553e-001 -5.0588391e-001  8.1363056e-001  8.2922707e-002 -8.3582643e-001  1.4253590e-001 -5.3016761e-001  4.1240970e-001 -4.7441059e-001 -7.7772285e-001 -3.6237056e-001 -8.6868758e-001  3.3774172e-001
  4.1546865e-001  2.8258786e-001  8.5854175e-001  1.0215659e-001 -6.3389966e-001  5.9401391e-002  7.7113079e-001  4.1022419e-001 -8.1941627e-001  4.0034122e-001  6.5565794e-001  5.7011267e-001  4.9505981e-001
  3.2045042e-001 -5.2435970e-001  3.6606328e-001  6.9882481e-001  1.8208917e-001 -8.4769077e-001 -4.9826087e-001  1.7556562e-001  5.2661841e-001 -8.3177507e-001  9.6748139e-001  6.3979751e-002  2.4471686e-001
  2.4787502e-001 -5.8825975e-001  2.7308394e-001  7.1967604e-001  1.5875126e-001 -6.8469373e-001 -7.1133152e-001  1.0143414e-001  7.2796628e-001 -6.7806800e-001  9.8209427e-001  3.5490847e-002  1.8501688e-001
  1.3706781e-001  5.9487306e-001 -2.3302458e-001  7.5699274e-001  1.8365119e-001  5.1587172e-001  8.3674883e-001 -1.8971993e-001  8.5382393e-001 -4.8475876e-001 -9.6450951e-001 -6.9721410e-002  2.5467692e-001
  2.1462070e-001 -5.9426609e-001 -6.5734249e-001  4.1071477e-001 -5.7050267e-001  2.8487693e-001 -7.7030633e-001 -7.9504414e-001  4.3677625e-002  6.0497692e-001  2.0598912e-001  9.5756848e-001  2.0157154e-001
 -3.9663601e-001 -5.2047306e-001  6.6213609e-001  3.6518964e-001 -4.1863280e-001 -7.0733765e-002 -9.0539677e-001  8.9648719e-001 -1.9148865e-001 -3.9955326e-001 -1.4511130e-001 -9.7894271e-001  1.4357534e-001
 -3.4649708e-001 -5.2014039e-001  7.3183158e-001  2.7169151e-001 -6.1224699e-001 -3.7210594e-002 -7.8979047e-001  7.5811911e-001 -3.1127539e-001 -5.7302971e-001 -2.2451956e-001 -9.4959097e-001  2.1878749e-001
  6.0428591e-002  6.7032171e-001 -7.3003949e-002  7.3599430e-001  9.0678450e-002  1.8847417e-001  9.7788287e-001 -2.6447787e-002  9.8203762e-001 -1.8682246e-001 -9.9552897e-001 -8.9220668e-003  9.4034374e-002
  1.3402186e-001  5.9891922e-001 -2.2375964e-001  7.5714301e-001  1.8245478e-001  4.9937262e-001  8.4695764e-001 -1.7829956e-001  8.6393953e-001 -4.7097532e-001 -9.6691236e-001 -6.5080479e-002  2.4666781e-001
  8.4219693e-002  6.5141120e-001 -1.1114139e-001  7.4580030e-001  1.2662209e-001  2.7550186e-001  9.5292475e-001 -5.6055258e-002  9.6110927e-001 -2.7041963e-001 -9.9036592e-001 -1.9175344e-002  1.3714099e-001
  6.2309082e-001  5.9384169e-001 -1.8797223e-001  4.7305001e-001  2.2403698e-001  9.1787514e-001  3.2758610e-001  5.6219408e-001  1.5284854e-001 -8.1275774e-001 -7.9608118e-001  3.6625475e-001 -4.8178025e-001
 -3.2450760e-001 -5.1767719e-001  7.5971588e-001  2.2256893e-001 -6.9031578e-001 -2.1979371e-003 -7.2350486e-001  6.7415866e-001 -3.6494681e-001 -6.4212455e-001 -2.6262944e-001 -9.3102578e-001  2.5341030e-001
  5.1138631e-001 -3.7251286e-002  7.6507049e-001  3.8956838e-001 -1.7344104e-001 -6.3419414e-001  7.5346931e-001  5.5799495e-001 -6.9369764e-001 -4.5543959e-001  8.1151700e-001  3.4144015e-001  4.7419276e-001
  7.4697949e-001 -2.4616125e-001 -3.3474523e-001  5.1901051e-001  6.5470053e-001 -2.0282221e-002 -7.5561620e-001 -7.1522740e-001 -3.4006545e-001 -6.1057780e-001 -2.4457509e-001  9.4018302e-001 -2.3714743e-001
 -8.2358062e-001 -1.6923964e-001 -1.7942425e-001  5.1076398e-001  8.7832977e-001  4.6205186e-001  1.2265765e-001  9.5478085e-002 -4.2095620e-001  9.0204202e-001  4.6842370e-001 -7.8057924e-001 -4.1385419e-001
  1.7297716e-001 -5.9699349e-001 -6.7806196e-001  3.9231320e-001 -6.3233851e-001  3.2549285e-001 -7.0299532e-001 -7.3855779e-001  2.0621763e-002  6.7387471e-001  2.3383840e-001  9.4531960e-001  2.2735534e-001
  5.6570102e-001  6.4107573e-001 -1.8629885e-001  4.8404235e-001  1.0862930e-001  9.0566746e-001  4.0983671e-001  5.4496133e-001  2.9055018e-001 -7.8650985e-001 -8.3139451e-001  3.0878317e-001 -4.6199148e-001
  8.7675475e-002  7.4015745e-001 -7.0100939e-002  6.6299760e-001 -1.0549439e-001  2.2274082e-001  9.6915296e-001  3.6833804e-002  9.7479774e-001 -2.2002872e-001 -9.9373749e-001  1.2485795e-002 -1.1104008e-001
  7.8575189e-002  6.5617874e-001 -1.0144280e-001  7.4361600e-001  1.1827764e-001  2.5398772e-001  9.5994825e-001 -4.7750247e-002  9.6707059e-001 -2.4998876e-001 -9.9183180e-001 -1.6269686e-002  1.2651080e-001
  1.9130900e-001  4.6195369e-001 -7.3196285e-001  4.6284991e-001 -4.9834165e-001  8.5432968e-001  1.4756828e-001 -5.0082608e-001 -1.4473750e-001 -8.5336059e-001 -7.0769261e-001 -4.9917117e-001  4.9999931e-001
  8.2888306e-001  2.0453614e-001 -2.1247545e-001  4.7536515e-001  8.2603830e-001  5.4107993e-001 -1.5777590e-001  1.3706622e-001 -4.6438588e-001 -8.7496206e-001 -5.4669331e-001  7.0112642e-001 -4.5776431e-001
  1.5250421e-001  5.7196594e-001 -2.8763852e-001  7.5290206e-001  1.8023809e-001  6.0758170e-001  7.7353649e-001 -2.5867284e-001  7.8801309e-001 -5.5868035e-001 -9.4900084e-001 -9.9397406e-002  2.9919486e-001
  2.7551970e-001 -5.6606368e-001  3.0752781e-001  7.1350365e-001  1.6999712e-001 -7.5076782e-001 -6.3831706e-001  1.2692104e-001  6.5903108e-001 -7.4132927e-001  9.7723694e-001  4.5007971e-002  2.0732162e-001
  2.2721285e-001  4.8479440e-001 -8.3710546e-001  1.1226379e-001 -8.7154232e-001  4.0825630e-001 -2.7155253e-001  3.2349771e-002 -5.0474246e-001 -8.6266363e-001 -4.8925196e-001 -7.6063252e-001  4.2669742e-001
 -4.8685833e-001 -5.0415133e-001  5.2174872e-001  4.8639354e-001 -5.2780586e-002 -1.6649860e-002 -9.9846732e-001  9.9845096e-001 -1.8505529e-002 -5.2471134e-002 -1.7603529e-002 -9.9969012e-001  1.7600801e-002
  8.3094012e-001  1.9051063e-001 -2.1444089e-001  4.7671724e-001  8.3544161e-001  5.2106118e-001 -1.7473568e-001  1.1215051e-001 -4.7289275e-001 -8.7395349e-001 -5.3801448e-001  7.1054042e-001 -4.5351156e-001
  8.2774937e-001 -1.7743000e-002 -2.5588693e-001  4.9903711e-001  8.6841413e-001  2.2602064e-001 -4.4132933e-001 -2.8476767e-001 -5.0129429e-001 -8.1707491e-001 -4.0591167e-001  8.3523572e-001 -3.7096767e-001
 -2.9505384e-001 -5.1189711e-001  7.9340428e-001  1.4633600e-001 -7.8305801e-001  6.9867199e-002 -6.1801191e-001  5.3428163e-001 -4.3309425e-001 -7.2592872e-001 -3.1837601e-001 -8.9863671e-001  3.0180916e-001
  1.1885627e-001  6.1732026e-001 -1.8282752e-001  7.5588557e-001  1.7097960e-001  4.2313813e-001  8.8978655e-001 -1.2964860e-001  9.0489457e-001 -4.0540973e-001 -9.7670733e-001 -4.6042783e-002  2.0957778e-001
  2.6328062e-001 -7.2110849e-001  2.3985067e-001  5.9427058e-001 -1.5505159e-001 -6.6478017e-001 -7.3077105e-001 -9.4635389e-002  7.4630995e-001 -6.5883655e-001  9.8336318e-001 -3.2996853e-002 -1.7862827e-001
  4.9663188e-001  8.0755715e-002  8.1364133e-001  2.9124401e-001 -3.3706740e-001 -3.9372460e-001  8.5519969e-001  5.5414805e-001 -8.1731088e-001 -1.5786975e-001  7.6112122e-001  4.2069450e-001  4.9367058e-001
  2.1537537e-001  4.7734977e-001 -8.3178642e-001  1.8407064e-001 -8.3946290e-001  5.1183368e-001 -1.8256047e-001 -1.0059615e-001 -4.7651040e-001 -8.7339467e-001 -5.3402477e-001 -7.1481754e-001  4.5150130e-001
 -1.5971782e-001 -5.2151260e-001 -8.1732964e-001  1.8570698e-001 -8.8000627e-001  4.7015736e-001  6.7387151e-002 -1.3697793e-001 -3.8707504e-001  9.1181684e-001  4.5478128e-001  7.9317399e-001  4.0502965e-001
  2.0402526e-001  4.6924519e-001 -8.1407568e-001  2.7470609e-001 -7.6582051e-001  6.3873884e-001 -7.4374988e-002 -2.5578735e-001 -4.0869104e-001 -8.7609615e-001 -5.8999303e-001 -6.5190822e-001  4.7636529e-001
  5.5350224e-001 -4.6440467e-001 -4.6732279e-001  5.0948306e-001  1.3187543e-001 -3.7911956e-002 -9.9054104e-001 -9.9028413e-001 -4.9510631e-002 -1.2994626e-001 -4.4115795e-002  9.9805380e-001 -4.4072845e-002
 -3.1746634e-001 -5.1656454e-001  7.6819826e-001  2.0554228e-001 -7.1393498e-001  1.2189266e-002 -7.0010589e-001  6.4377816e-001 -3.8182689e-001 -6.6314245e-001 -2.7540248e-001 -9.2415348e-001  2.6475239e-001
  6.2593516e-001 -5.5585654e-001  4.7907937e-001  2.6402963e-001 -7.6987059e-002 -9.4884260e-001  3.0622005e-001 -4.4287801e-001 -2.4262373e-001 -8.6312965e-001  8.9327043e-001 -2.0206794e-001 -4.0154264e-001
 -8.3452066e-001  2.3042779e-001 -4.7774091e-001  1.4913726e-001  4.3733331e-001 -2.4209556e-001  8.6610006e-001 -5.2709144e-001 -8.4932222e-001  2.8746679e-002  7.2863859e-001 -4.6908581e-001 -4.9904340e-001
 -8.5148437e-001  1.5685961e-001 -4.4568205e-001  2.2745757e-001  5.5352515e-001 -6.4379499e-002  8.3034041e-001 -4.6987453e-001 -8.4731623e-001  2.4753411e-001  6.8762478e-001 -5.2717216e-001 -4.9926113e-001
  5.1125131e-001 -8.4980322e-002  7.4095153e-001  4.2707290e-001 -1.1246166e-001 -7.1977325e-001  6.8503931e-001  5.4598804e-001 -6.2077416e-001 -5.6261576e-001  8.3021048e-001  3.1075057e-001  4.6280088e-001
 -6.9598533e-001 -3.7472457e-001  1.3592641e-001  5.9725198e-001  6.8221101e-001  3.5924099e-001 -6.3681555e-001  6.8397024e-001 -5.7431438e-003  7.2948730e-001  2.5840441e-001 -9.3322716e-001 -2.4962818e-001
  5.0589630e-001  2.8218688e-002  7.9395534e-001  3.3601719e-001 -2.6232276e-001 -5.0501382e-001  8.2228207e-001  5.6211674e-001 -7.7259231e-001 -2.9517095e-001  7.8435422e-001  3.8478846e-001  4.8654527e-001
  1.8758618e-001  4.7574596e-001 -6.0746245e-001  6.0783763e-001 -1.9068969e-001  9.1696380e-001  3.5044947e-001 -5.5999034e-001  1.9160160e-001 -8.0603948e-001 -8.0625571e-001 -3.4995174e-001  4.7695442e-001
 -3.9267112e-001 -5.2070010e-001  6.6790263e-001  3.5859012e-001 -4.3444504e-001 -7.0078787e-002 -8.9796797e-001  8.8793435e-001 -2.0056907e-001 -4.1393797e-001 -1.5109633e-001 -9.7716990e-001  1.4936160e-001
  9.5937699e-002  6.4087929e-001 -1.3281435e-001  7.4995336e-001  1.4326818e-001  3.2217811e-001  9.3577534e-001 -7.6240173e-002  9.4631261e-001 -3.1413354e-001 -9.8674296e-001 -2.6338335e-002  1.6013940e-001
  1.3859109e-001  5.9279847e-001 -2.3781570e-001  7.5685281e-001  1.8406734e-001  5.2429614e-001  8.3140409e-001 -1.9566979e-001  8.4847240e-001 -4.9173969e-001 -9.6324065e-001 -7.2167453e-002  2.5876497e-001
  1.3462404e-001  7.5025566e-001 -9.6863355e-002  6.4000805e-001 -1.4453213e-001  3.2599155e-001  9.3425905e-001  7.8018248e-002  9.4498771e-001 -3.1766550e-001 -9.8641959e-001  2.6976383e-002 -1.6201438e-001
 -2.8106168e-001 -4.3965379e-001 -8.4993882e-001  7.2889464e-002 -8.3138291e-001  3.7104284e-001  4.1367821e-001  1.2323650e-001 -6.0278333e-001  7.8833053e-001  5.4186273e-001  7.0638478e-001  4.5541774e-001
  1.4415172e-001  5.8490874e-001 -2.5630333e-001  7.5591709e-001  1.8438074e-001  5.5611933e-001  8.1039190e-001 -2.1885693e-001  8.2705777e-001 -5.1776161e-001 -9.5817816e-001 -8.1894613e-002  2.7420409e-001
 -8.4896754e-001 -7.7919323e-002 -2.7628809e-001  4.4367509e-001  8.3518694e-001  3.7746623e-001  3.9997751e-001 -1.1286233e-001 -5.9416199e-001  7.9638786e-001  5.3826096e-001 -7.1027514e-001 -4.5363462e-001
  1.8727137e-001  4.7790082e-001 -5.9583264e-001  6.1767605e-001 -1.6681145e-001  9.1505739e-001  3.6721100e-001 -5.5706882e-001  2.1982580e-001 -8.0084390e-001 -8.1354058e-001 -3.3815173e-001  4.7308048e-001
  1.5179027e-002  6.9914057e-001 -1.5860239e-002  7.1464712e-001  2.1901821e-002  4.3893496e-002  9.9879611e-001 -1.4443997e-003  9.9903610e-001 -4.3872369e-002 -9.9975908e-001 -4.8177605e-004  2.1944110e-002
  7.1408558e-001 -2.9877751e-001 -3.5979714e-001  5.2092207e-001  5.6255604e-001 -5.1852883e-002 -8.2513149e-001 -8.0155796e-001 -2.7874441e-001 -5.2896729e-001 -2.0257231e-001  9.5896446e-001 -1.9837244e-001
  6.5806144e-001  5.5891250e-001 -1.8876890e-001  4.6790839e-001  3.0396625e-001  9.1225063e-001  2.7459662e-001  5.5894442e-001  6.2642878e-002 -8.2683554e-001 -7.7148276e-001  4.0481434e-001 -4.9085608e-001
 -2.9290862e-001 -5.1135561e-001  7.9565026e-001  1.4021639e-001 -7.8908780e-001  7.6434514e-002 -6.0950653e-001  5.2268736e-001 -4.3770961e-001 -7.3157927e-001 -3.2270477e-001 -8.9586163e-001  3.0543996e-001
 -3.3755091e-002 -5.7180445e-001 -7.7108340e-001  2.7808390e-001 -8.4305988e-001  4.6745438e-001 -2.6596324e-001 -3.9024913e-001 -1.9141803e-001  9.0059133e-001  3.7007520e-001  8.6304435e-001  3.4380053e-001
 -6.6299521e-001 -4.0588630e-001  2.0337687e-001  5.9525752e-001  5.8778833e-001  2.9607812e-001 -7.5288952e-001  7.8032456e-001  3.8150409e-002  6.2421000e-001  2.1353797e-001 -9.5440154e-001 -2.0861267e-001
 -8.3685353e-001  2.2221203e-001 -4.7465344e-001  1.5812051e-001  4.5065185e-001 -2.2181296e-001  8.6470337e-001 -5.2202273e-001 -8.5123944e-001  5.3699999e-002  7.2415826e-001 -4.7559482e-001 -4.9940403e-001
  4.5623201e-001 -3.2391642e-001  5.7772009e-001  5.9428108e-001  1.2263530e-001 -9.8221832e-001  1.4215399e-001  3.9109416e-001 -8.3816296e-002 -9.1652615e-001  9.1214360e-001  1.6799406e-001  3.7386101e-001
 -8.5849286e-001 -1.0954653e-002 -3.3547530e-001  3.8771938e-001  7.7467263e-001  2.7894954e-001  5.6751164e-001 -2.4133157e-001 -6.9910735e-001  6.7305868e-001  5.8450097e-001 -6.5835862e-001 -4.7426000e-001
  6.4218855e-001  5.7542828e-001 -1.8840967e-001  4.7008292e-001  2.6676818e-001  9.1620324e-001  2.9900895e-001  5.6193058e-001  1.0419132e-001 -8.2059624e-001 -7.8298707e-001  3.8693124e-001 -4.8704769e-001
 -6.7309629e-001 -3.9690310e-001  1.8306766e-001  5.9656981e-001  6.1790832e-001  3.1588273e-001 -7.2000514e-001  7.5273329e-001  2.6855217e-002  6.5777761e-001  2.2711648e-001 -9.4841810e-001 -2.2118138e-001
  6.8877881e-001  5.2332368e-001 -1.8955426e-001  4.6452691e-001  3.8040302e-001  8.9701464e-001  2.2507396e-001  5.4480242e-001 -2.0694140e-002 -8.3830906e-001 -7.4731778e-001  4.4151613e-001 -4.9656786e-001
  4.5592813e-001  7.0513870e-001 -1.7957580e-001  5.1250511e-001 -5.8936108e-002  8.2705217e-001  5.5902705e-001  4.5891812e-001  5.1976414e-001 -7.2058268e-001 -8.8652168e-001  2.1407930e-001 -4.1018210e-001
 -2.9622332e-001 -5.1218506e-001  7.9216623e-001  1.4963578e-001 -7.7972176e-001  6.6369498e-002 -6.2259864e-001  5.4051514e-001 -4.3055119e-001 -7.2282021e-001 -3.1603380e-001 -9.0012264e-001  2.9983641e-001
  7.9123416e-001  3.4499840e-001 -1.9771873e-001  4.6457714e-001  6.8376682e-001  7.2966024e-001  7.6731043e-003  3.6223783e-001 -3.3028838e-001 -8.7160389e-001 -6.3344036e-001  5.9875331e-001 -4.9015078e-001
 -6.4421349e-001 -4.2140753e-001  2.4041736e-001  5.9127334e-001  5.2923037e-001  2.5864808e-001 -8.0809429e-001  8.2725758e-001  5.4376937e-002  5.5918516e-001  1.8857386e-001 -9.6443990e-001 -1.8519066e-001
 -3.2500465e-001 -5.1774963e-001  7.5910822e-001  2.2374542e-001 -6.8861994e-001 -3.1518985e-003 -7.2511561e-001  6.7623604e-001 -3.6374663e-001 -6.4061940e-001 -2.6173919e-001 -9.3149260e-001  2.5261461e-001
 -8.5439639e-001  1.3832601e-001 -4.3605309e-001  2.4643543e-001  5.8144723e-001 -2.1452617e-002  8.1330124e-001 -4.5128835e-001 -8.4027099e-001  3.0047212e-001  6.7694752e-001 -5.4174206e-001 -4.9825455e-001
 -2.6128616e-001 -4.5582267e-001 -8.4571811e-001  9.3360113e-002 -8.4602687e-001  3.9611298e-001  3.5683756e-001  8.0287629e-002 -5.6701917e-001  8.1978238e-001  5.2706018e-001  7.2220756e-001  4.4791048e-001
 -2.9053008e-001 -5.1073487e-001  7.9810144e-001  1.3332762e-001 -7.9563204e-001  8.3949754e-002 -5.9993508e-001  5.0958561e-001 -4.4274729e-001 -7.3776510e-001 -3.2755483e-001 -8.9270784e-001  3.0948434e-001
  1.8573873e-001  4.8721610e-001 -5.5144333e-001  6.5117728e-001 -8.2938551e-002  8.9916453e-001  4.2967935e-001 -5.3718494e-001  3.2282276e-001 -7.7924182e-001 -8.3937688e-001 -2.9544646e-001  4.5624319e-001
  2.2822564e-001  4.8538432e-001 -8.3720424e-001  1.0679034e-001 -8.7301776e-001  4.0036494e-001 -2.7847424e-001  4.2743642e-002 -5.0599578e-001 -8.6147620e-001 -4.8581166e-001 -7.6398703e-001  4.2463025e-001
  1.7642461e-001 -5.9686576e-001 -6.7636942e-001  3.9389088e-001 -6.2744866e-001  3.2222787e-001 -7.0885639e-001 -7.4343512e-001  2.2797530e-002  6.6841940e-001  2.3154354e-001  9.4638759e-001  2.2525123e-001
 -6.5233359e-001 -4.1487867e-001  2.2451394e-001  5.9323693e-001  5.5493836e-001  2.7489868e-001 -7.8515867e-001  8.0765851e-001  4.8108748e-002  5.8768467e-001  1.9932674e-001 -9.6026885e-001 -1.9532687e-001
  1.4367952e-001  7.5166740e-001 -1.0137960e-001  6.3566854e-001 -1.5056340e-001  3.4488606e-001  9.2649030e-001  8.7110776e-002  9.3815675e-001 -3.3507258e-001 -9.8475498e-001  3.0257624e-002 -1.7129536e-001
  2.3515169e-001  4.8923405e-001 -8.3680523e-001  7.1489324e-002 -8.7918591e-001  3.4973371e-001 -3.2360231e-001  1.1044315e-001 -5.1107863e-001 -8.5240890e-001 -4.6350236e-001 -7.8516556e-001  4.1070744e-001
  5.4561785e-001  6.5513664e-001 -1.8548816e-001  4.8856042e-001  7.2780235e-002  8.9615284e-001  4.3773636e-001  5.3366414e-001  3.3579061e-001 -7.7617475e-001 -8.4255897e-001  2.9009438e-001 -4.5380572e-001
  4.3541987e-001 -3.6711957e-001  5.3932993e-001  6.2028701e-001  1.4869289e-001 -9.8878102e-001  1.4230937e-002  3.4937639e-001  3.9065515e-002 -9.3616773e-001  9.2510895e-001  1.4417344e-001  3.5126551e-001
 -2.7061432e-001 -5.0465160e-001  8.1674945e-001  7.0816552e-002 -8.4350581e-001  1.5745314e-001 -5.1352357e-001  3.8881066e-001 -4.8062356e-001 -7.8601989e-001 -3.7057283e-001 -8.6267578e-001  3.4418931e-001
 -6.5613058e-001 -4.1173198e-001  2.1702031e-001  5.9402998e-001  5.6675791e-001  2.8246675e-001 -7.7394961e-001  7.9813304e-001  4.4789677e-002  6.0081406e-001  2.0437495e-001 -9.5823088e-001 -2.0006114e-001
 -7.8770855e-001 -2.4929054e-001 -7.6098069e-002  5.5819221e-001  8.6412662e-001  4.7769129e-001 -1.5841788e-001  3.0778189e-001 -2.5255136e-001  9.1732662e-001  3.9819028e-001 -8.4144450e-001 -3.6526108e-001
 -4.7170354e-001 -5.0837416e-001  5.4644248e-001  4.6952328e-001 -1.1408733e-001 -3.3531146e-002 -9.9290470e-001  9.9273870e-001 -4.2207223e-002 -1.1264288e-001 -3.8130706e-002 -9.9854605e-001  3.8102975e-002
  6.5009525e-001 -3.7844748e-001 -4.0483145e-001  5.1987034e-001  3.8577801e-001 -7.1134086e-002 -9.1984524e-001 -9.1297354e-001 -1.7302467e-001 -3.6951559e-001 -1.3287077e-001  9.8234536e-001 -1.3169265e-001
  2.6471353e-001 -5.8753101e-001 -6.3164751e-001  4.3099361e-001 -4.8834252e-001  2.3341726e-001 -8.4085550e-001 -8.5552689e-001  6.1896344e-002  5.1404531e-001  1.7203293e-001  9.7040467e-001  1.6946813e-001
